UV_Value: 15
KT_Value: 0
OT_Value: 100
OC_Value: 0.8
ACC: 2
DEC: -2
MAX_SPD: 600
MST_ID: 3
ESC_ID: 6
TIMEOUT: 0
cmode: 1
Damp: 0.0001382649
Inertia: 1.981532E-05
hw_ver: 1445998643
sw_ver: 892416053
SN: 1412444213
POLE: 14
Rs: 0.8666876
Ls: 0.0003672285
Flux: 0.004998251
Gr: 10
PMAX: 12.5
VMAX: 30
TMAX: 10
I_BW: 1000
KP_ASR: 0.00372
KI_ASR: 0.002
KP_APR: 54
KI_APR: 0
OV_Value: 32
GREF: 1
Deta: 4
